{
 "cells": [
  {
   "cell_type": "markdown",
   "id": "495e9d6e",
   "metadata": {},
   "source": [
    "# Тестовые задания. Каримов Ильдар"
   ]
  },
  {
   "cell_type": "markdown",
   "id": "4283c980",
   "metadata": {},
   "source": [
    "## Задание № 1 (Numpy):\n",
    "\n",
    "1. Создать двумерный массив из случайных чисел от 0 до 1 размером 10х10 и вывести на экран.\n",
    "2. Найти индекс (номер строки и номер столбца) максимального элемента.\n",
    "3. Переставить столбцы так, чтобы в первой строке массива значения шли по возрастанию.\n",
    "4. Отнормировать значения в каждой строке (то есть для каждой строки найти сумму элементов\n",
    "и разделить на эту сумму каждый элемент строки).\n",
    "5. Заменить значения массива, которые больше 0.5, на -1.\n",
    "6. Вывести полученный массив на экран."
   ]
  },
  {
   "cell_type": "markdown",
   "id": "0d9f5d9c",
   "metadata": {},
   "source": [
    "## Решение: "
   ]
  },
  {
   "cell_type": "markdown",
   "id": "c7e54950",
   "metadata": {},
   "source": [
    "### 1. Создать двумерный массив из случайных чисел от 0 до 1 размером 10х10 и вывести на экран."
   ]
  },
  {
   "cell_type": "code",
   "execution_count": 1,
   "id": "25be6333",
   "metadata": {},
   "outputs": [],
   "source": [
    "# Импортируем необходимые библиотеки\n",
    "\n",
    "import pandas as pd\n",
    "import numpy as np\n",
    "import random"
   ]
  },
  {
   "cell_type": "code",
   "execution_count": 2,
   "id": "b8014b77",
   "metadata": {},
   "outputs": [
    {
     "data": {
      "text/plain": [
       "array([[0.01494671, 0.26784111, 0.73564703, 0.7928289 , 0.35879919,\n",
       "        0.48984194, 0.45510777, 0.71235012, 0.58639025, 0.92987274],\n",
       "       [0.18742289, 0.58944913, 0.73700371, 0.31279591, 0.20361336,\n",
       "        0.19103163, 0.9304043 , 0.60791211, 0.17244599, 0.80085909],\n",
       "       [0.33880104, 0.06812755, 0.36638936, 0.59431975, 0.24763867,\n",
       "        0.96378141, 0.23587707, 0.14350379, 0.92513938, 0.98335575],\n",
       "       [0.99278947, 0.89691442, 0.97194182, 0.91941503, 0.10998635,\n",
       "        0.13655423, 0.01684885, 0.3700023 , 0.31830107, 0.36938285],\n",
       "       [0.62055257, 0.06301992, 0.70949104, 0.15924636, 0.45829939,\n",
       "        0.1590671 , 0.2414054 , 0.8134093 , 0.8093624 , 0.54075964],\n",
       "       [0.11064655, 0.31510357, 0.82507805, 0.72762919, 0.36288231,\n",
       "        0.43668227, 0.75539312, 0.62055912, 0.22013681, 0.86084108],\n",
       "       [0.44780935, 0.17133765, 0.53906078, 0.35348242, 0.35338184,\n",
       "        0.52940239, 0.67883587, 0.99761862, 0.84995219, 0.49936885],\n",
       "       [0.53300155, 0.15819531, 0.58682717, 0.41285777, 0.33803873,\n",
       "        0.89741083, 0.39027851, 0.37766013, 0.35591831, 0.62916296],\n",
       "       [0.7224929 , 0.26468312, 0.39993372, 0.8468224 , 0.15735149,\n",
       "        0.24439445, 0.21981801, 0.58656855, 0.86927659, 0.09427859],\n",
       "       [0.39633891, 0.20169376, 0.07252923, 0.53021758, 0.67308453,\n",
       "        0.50989146, 0.57111586, 0.36207163, 0.50430079, 0.67122859]])"
      ]
     },
     "execution_count": 2,
     "metadata": {},
     "output_type": "execute_result"
    }
   ],
   "source": [
    "rand_arr = np.random.rand(10, 10) # cоздаем двумерный массив из случайных чисел \n",
    "rand_arr # выведем на экран массив "
   ]
  },
  {
   "cell_type": "markdown",
   "id": "43db2f8c",
   "metadata": {},
   "source": [
    "### 2. Найти индекс (номер строки и номер столбца) максимального элемента."
   ]
  },
  {
   "cell_type": "code",
   "execution_count": 3,
   "id": "5edc1a82",
   "metadata": {},
   "outputs": [
    {
     "name": "stdout",
     "output_type": "stream",
     "text": [
      "Максимальный элемент находится в строке 6 и в столбце 7\n"
     ]
    }
   ],
   "source": [
    "# запишем функция для нахождения индекса двумерного массива \n",
    "\n",
    "def find_max_index(a_1):\n",
    "    max_element = a_1[0][0]\n",
    "    max_row, max_col = 0, 0\n",
    "    for row in range(len(a_1)):\n",
    "        for col in range(len(a_1[row])):\n",
    "            if a_1[row][col] > max_element:\n",
    "                max_element = a_1[row][col]\n",
    "                max_row, max_col = row, col\n",
    "    return max_row, max_col\n",
    "\n",
    "max_row, max_col = find_max_index(rand_arr)\n",
    "print(\"Максимальный элемент находится в строке\", max_row, \"и в столбце\", max_col) # выведем на экран строки и столбца"
   ]
  },
  {
   "cell_type": "markdown",
   "id": "fc497ec5",
   "metadata": {},
   "source": [
    "### 3. Переставить столбцы так, чтобы в первой строке массива значения шли по возрастанию."
   ]
  },
  {
   "cell_type": "code",
   "execution_count": 4,
   "id": "688ebf1d",
   "metadata": {},
   "outputs": [],
   "source": [
    "rand_arr = rand_arr[::, rand_arr[0,].argsort()[::1]] # отсортируем массив с помощью функции argsort() "
   ]
  },
  {
   "cell_type": "code",
   "execution_count": 5,
   "id": "d68d8cf2",
   "metadata": {},
   "outputs": [
    {
     "data": {
      "text/plain": [
       "array([[0.01494671, 0.26784111, 0.35879919, 0.45510777, 0.48984194,\n",
       "        0.58639025, 0.71235012, 0.73564703, 0.7928289 , 0.92987274],\n",
       "       [0.18742289, 0.58944913, 0.20361336, 0.9304043 , 0.19103163,\n",
       "        0.17244599, 0.60791211, 0.73700371, 0.31279591, 0.80085909],\n",
       "       [0.33880104, 0.06812755, 0.24763867, 0.23587707, 0.96378141,\n",
       "        0.92513938, 0.14350379, 0.36638936, 0.59431975, 0.98335575],\n",
       "       [0.99278947, 0.89691442, 0.10998635, 0.01684885, 0.13655423,\n",
       "        0.31830107, 0.3700023 , 0.97194182, 0.91941503, 0.36938285],\n",
       "       [0.62055257, 0.06301992, 0.45829939, 0.2414054 , 0.1590671 ,\n",
       "        0.8093624 , 0.8134093 , 0.70949104, 0.15924636, 0.54075964],\n",
       "       [0.11064655, 0.31510357, 0.36288231, 0.75539312, 0.43668227,\n",
       "        0.22013681, 0.62055912, 0.82507805, 0.72762919, 0.86084108],\n",
       "       [0.44780935, 0.17133765, 0.35338184, 0.67883587, 0.52940239,\n",
       "        0.84995219, 0.99761862, 0.53906078, 0.35348242, 0.49936885],\n",
       "       [0.53300155, 0.15819531, 0.33803873, 0.39027851, 0.89741083,\n",
       "        0.35591831, 0.37766013, 0.58682717, 0.41285777, 0.62916296],\n",
       "       [0.7224929 , 0.26468312, 0.15735149, 0.21981801, 0.24439445,\n",
       "        0.86927659, 0.58656855, 0.39993372, 0.8468224 , 0.09427859],\n",
       "       [0.39633891, 0.20169376, 0.67308453, 0.57111586, 0.50989146,\n",
       "        0.50430079, 0.36207163, 0.07252923, 0.53021758, 0.67122859]])"
      ]
     },
     "execution_count": 5,
     "metadata": {},
     "output_type": "execute_result"
    }
   ],
   "source": [
    "rand_arr # проверим сортировку "
   ]
  },
  {
   "cell_type": "markdown",
   "id": "b5a64f70",
   "metadata": {},
   "source": [
    "### 4. Отнормировать значения в каждой строке (то есть для каждой строки найти сумму элементов и разделить на эту сумму каждый элемент строки)."
   ]
  },
  {
   "cell_type": "code",
   "execution_count": 6,
   "id": "43d51150",
   "metadata": {},
   "outputs": [],
   "source": [
    "rand_arr_normalized = rand_arr/rand_arr.sum(axis=1) # делим каждый элемент на сумму элементов "
   ]
  },
  {
   "cell_type": "code",
   "execution_count": 10,
   "id": "6ca4b79f",
   "metadata": {},
   "outputs": [
    {
     "data": {
      "text/plain": [
       "array([[0.00279711, 0.05659088, 0.07372182, 0.08919945, 0.10707833,\n",
       "        0.11201444, 0.13142385, 0.15721133, 0.17995854, 0.20698463],\n",
       "       [0.0350741 , 0.12454191, 0.04183606, 0.18235583, 0.04175908,\n",
       "        0.03294127, 0.11215573, 0.15750126, 0.0709993 , 0.17826689],\n",
       "       [0.06340284, 0.01439435, 0.05088187, 0.04623104, 0.21068042,\n",
       "        0.17672356, 0.02647549, 0.07829918, 0.13490037, 0.21888966],\n",
       "       [0.18578948, 0.18950479, 0.02259869, 0.00330231, 0.02985044,\n",
       "        0.06080305, 0.06826296, 0.20770867, 0.20869141, 0.08222262],\n",
       "       [0.1161295 , 0.01331518, 0.09416594, 0.04731457, 0.03477171,\n",
       "        0.15460741, 0.1500686 , 0.15162167, 0.03614619, 0.12037017],\n",
       "       [0.02070627, 0.06657674, 0.07456077, 0.14805428, 0.09545775,\n",
       "        0.04205135, 0.11448902, 0.17632317, 0.16515932, 0.19161856],\n",
       "       [0.08380253, 0.03620112, 0.07260872, 0.13304934, 0.11572616,\n",
       "        0.16236103, 0.18405399, 0.1151999 , 0.08023443, 0.1111568 ],\n",
       "       [0.0997453 , 0.03342434, 0.0694562 , 0.07649316, 0.19617196,\n",
       "        0.06798884, 0.06967578, 0.1254078 , 0.09371162, 0.14004827],\n",
       "       [0.13520649, 0.05592364, 0.03233072, 0.04308352, 0.05342407,\n",
       "        0.16605244, 0.10821799, 0.08546777, 0.19221414, 0.0209859 ],\n",
       "       [0.07417041, 0.04261492, 0.13829745, 0.11193661, 0.11146111,\n",
       "        0.09633341, 0.0667998 , 0.01549985, 0.12035028, 0.14941185]])"
      ]
     },
     "execution_count": 10,
     "metadata": {},
     "output_type": "execute_result"
    }
   ],
   "source": [
    "rand_arr_normalized # выведем отнормированный массив на экран "
   ]
  },
  {
   "cell_type": "markdown",
   "id": "1978e939",
   "metadata": {},
   "source": [
    "### 5. Заменить значения массива, которые больше 0.5, на -1.\n",
    "\n",
    "Для наглядности заменим значения в исходном массиве, т.к. в отнормированном массиве все значения меньше 0,5. "
   ]
  },
  {
   "cell_type": "code",
   "execution_count": 7,
   "id": "571eea1a",
   "metadata": {},
   "outputs": [],
   "source": [
    "rand_arr[rand_arr>0.5] = -1 # заменим значения массива, которые больше 0.5, на -1"
   ]
  },
  {
   "cell_type": "markdown",
   "id": "a43e2432",
   "metadata": {},
   "source": [
    "### 6. Вывести полученный массив на экран."
   ]
  },
  {
   "cell_type": "code",
   "execution_count": 8,
   "id": "5d9a2e90",
   "metadata": {},
   "outputs": [
    {
     "data": {
      "text/plain": [
       "array([[ 0.01494671,  0.26784111,  0.35879919,  0.45510777,  0.48984194,\n",
       "        -1.        , -1.        , -1.        , -1.        , -1.        ],\n",
       "       [ 0.18742289, -1.        ,  0.20361336, -1.        ,  0.19103163,\n",
       "         0.17244599, -1.        , -1.        ,  0.31279591, -1.        ],\n",
       "       [ 0.33880104,  0.06812755,  0.24763867,  0.23587707, -1.        ,\n",
       "        -1.        ,  0.14350379,  0.36638936, -1.        , -1.        ],\n",
       "       [-1.        , -1.        ,  0.10998635,  0.01684885,  0.13655423,\n",
       "         0.31830107,  0.3700023 , -1.        , -1.        ,  0.36938285],\n",
       "       [-1.        ,  0.06301992,  0.45829939,  0.2414054 ,  0.1590671 ,\n",
       "        -1.        , -1.        , -1.        ,  0.15924636, -1.        ],\n",
       "       [ 0.11064655,  0.31510357,  0.36288231, -1.        ,  0.43668227,\n",
       "         0.22013681, -1.        , -1.        , -1.        , -1.        ],\n",
       "       [ 0.44780935,  0.17133765,  0.35338184, -1.        , -1.        ,\n",
       "        -1.        , -1.        , -1.        ,  0.35348242,  0.49936885],\n",
       "       [-1.        ,  0.15819531,  0.33803873,  0.39027851, -1.        ,\n",
       "         0.35591831,  0.37766013, -1.        ,  0.41285777, -1.        ],\n",
       "       [-1.        ,  0.26468312,  0.15735149,  0.21981801,  0.24439445,\n",
       "        -1.        , -1.        ,  0.39993372, -1.        ,  0.09427859],\n",
       "       [ 0.39633891,  0.20169376, -1.        , -1.        , -1.        ,\n",
       "        -1.        ,  0.36207163,  0.07252923, -1.        , -1.        ]])"
      ]
     },
     "execution_count": 8,
     "metadata": {},
     "output_type": "execute_result"
    }
   ],
   "source": [
    "rand_arr # выведем массив на экран "
   ]
  },
  {
   "cell_type": "code",
   "execution_count": 9,
   "id": "67c231db",
   "metadata": {},
   "outputs": [
    {
     "data": {
      "text/html": [
       "<div>\n",
       "<style scoped>\n",
       "    .dataframe tbody tr th:only-of-type {\n",
       "        vertical-align: middle;\n",
       "    }\n",
       "\n",
       "    .dataframe tbody tr th {\n",
       "        vertical-align: top;\n",
       "    }\n",
       "\n",
       "    .dataframe thead th {\n",
       "        text-align: right;\n",
       "    }\n",
       "</style>\n",
       "<table border=\"1\" class=\"dataframe\">\n",
       "  <thead>\n",
       "    <tr style=\"text-align: right;\">\n",
       "      <th></th>\n",
       "      <th>0</th>\n",
       "      <th>1</th>\n",
       "      <th>2</th>\n",
       "      <th>3</th>\n",
       "      <th>4</th>\n",
       "      <th>5</th>\n",
       "      <th>6</th>\n",
       "      <th>7</th>\n",
       "      <th>8</th>\n",
       "      <th>9</th>\n",
       "    </tr>\n",
       "  </thead>\n",
       "  <tbody>\n",
       "    <tr>\n",
       "      <th>0</th>\n",
       "      <td>0.014947</td>\n",
       "      <td>0.267841</td>\n",
       "      <td>0.358799</td>\n",
       "      <td>0.455108</td>\n",
       "      <td>0.489842</td>\n",
       "      <td>-1.000000</td>\n",
       "      <td>-1.000000</td>\n",
       "      <td>-1.000000</td>\n",
       "      <td>-1.000000</td>\n",
       "      <td>-1.000000</td>\n",
       "    </tr>\n",
       "    <tr>\n",
       "      <th>1</th>\n",
       "      <td>0.187423</td>\n",
       "      <td>-1.000000</td>\n",
       "      <td>0.203613</td>\n",
       "      <td>-1.000000</td>\n",
       "      <td>0.191032</td>\n",
       "      <td>0.172446</td>\n",
       "      <td>-1.000000</td>\n",
       "      <td>-1.000000</td>\n",
       "      <td>0.312796</td>\n",
       "      <td>-1.000000</td>\n",
       "    </tr>\n",
       "    <tr>\n",
       "      <th>2</th>\n",
       "      <td>0.338801</td>\n",
       "      <td>0.068128</td>\n",
       "      <td>0.247639</td>\n",
       "      <td>0.235877</td>\n",
       "      <td>-1.000000</td>\n",
       "      <td>-1.000000</td>\n",
       "      <td>0.143504</td>\n",
       "      <td>0.366389</td>\n",
       "      <td>-1.000000</td>\n",
       "      <td>-1.000000</td>\n",
       "    </tr>\n",
       "    <tr>\n",
       "      <th>3</th>\n",
       "      <td>-1.000000</td>\n",
       "      <td>-1.000000</td>\n",
       "      <td>0.109986</td>\n",
       "      <td>0.016849</td>\n",
       "      <td>0.136554</td>\n",
       "      <td>0.318301</td>\n",
       "      <td>0.370002</td>\n",
       "      <td>-1.000000</td>\n",
       "      <td>-1.000000</td>\n",
       "      <td>0.369383</td>\n",
       "    </tr>\n",
       "    <tr>\n",
       "      <th>4</th>\n",
       "      <td>-1.000000</td>\n",
       "      <td>0.063020</td>\n",
       "      <td>0.458299</td>\n",
       "      <td>0.241405</td>\n",
       "      <td>0.159067</td>\n",
       "      <td>-1.000000</td>\n",
       "      <td>-1.000000</td>\n",
       "      <td>-1.000000</td>\n",
       "      <td>0.159246</td>\n",
       "      <td>-1.000000</td>\n",
       "    </tr>\n",
       "    <tr>\n",
       "      <th>5</th>\n",
       "      <td>0.110647</td>\n",
       "      <td>0.315104</td>\n",
       "      <td>0.362882</td>\n",
       "      <td>-1.000000</td>\n",
       "      <td>0.436682</td>\n",
       "      <td>0.220137</td>\n",
       "      <td>-1.000000</td>\n",
       "      <td>-1.000000</td>\n",
       "      <td>-1.000000</td>\n",
       "      <td>-1.000000</td>\n",
       "    </tr>\n",
       "    <tr>\n",
       "      <th>6</th>\n",
       "      <td>0.447809</td>\n",
       "      <td>0.171338</td>\n",
       "      <td>0.353382</td>\n",
       "      <td>-1.000000</td>\n",
       "      <td>-1.000000</td>\n",
       "      <td>-1.000000</td>\n",
       "      <td>-1.000000</td>\n",
       "      <td>-1.000000</td>\n",
       "      <td>0.353482</td>\n",
       "      <td>0.499369</td>\n",
       "    </tr>\n",
       "    <tr>\n",
       "      <th>7</th>\n",
       "      <td>-1.000000</td>\n",
       "      <td>0.158195</td>\n",
       "      <td>0.338039</td>\n",
       "      <td>0.390279</td>\n",
       "      <td>-1.000000</td>\n",
       "      <td>0.355918</td>\n",
       "      <td>0.377660</td>\n",
       "      <td>-1.000000</td>\n",
       "      <td>0.412858</td>\n",
       "      <td>-1.000000</td>\n",
       "    </tr>\n",
       "    <tr>\n",
       "      <th>8</th>\n",
       "      <td>-1.000000</td>\n",
       "      <td>0.264683</td>\n",
       "      <td>0.157351</td>\n",
       "      <td>0.219818</td>\n",
       "      <td>0.244394</td>\n",
       "      <td>-1.000000</td>\n",
       "      <td>-1.000000</td>\n",
       "      <td>0.399934</td>\n",
       "      <td>-1.000000</td>\n",
       "      <td>0.094279</td>\n",
       "    </tr>\n",
       "    <tr>\n",
       "      <th>9</th>\n",
       "      <td>0.396339</td>\n",
       "      <td>0.201694</td>\n",
       "      <td>-1.000000</td>\n",
       "      <td>-1.000000</td>\n",
       "      <td>-1.000000</td>\n",
       "      <td>-1.000000</td>\n",
       "      <td>0.362072</td>\n",
       "      <td>0.072529</td>\n",
       "      <td>-1.000000</td>\n",
       "      <td>-1.000000</td>\n",
       "    </tr>\n",
       "  </tbody>\n",
       "</table>\n",
       "</div>"
      ],
      "text/plain": [
       "          0         1         2         3         4         5         6  \\\n",
       "0  0.014947  0.267841  0.358799  0.455108  0.489842 -1.000000 -1.000000   \n",
       "1  0.187423 -1.000000  0.203613 -1.000000  0.191032  0.172446 -1.000000   \n",
       "2  0.338801  0.068128  0.247639  0.235877 -1.000000 -1.000000  0.143504   \n",
       "3 -1.000000 -1.000000  0.109986  0.016849  0.136554  0.318301  0.370002   \n",
       "4 -1.000000  0.063020  0.458299  0.241405  0.159067 -1.000000 -1.000000   \n",
       "5  0.110647  0.315104  0.362882 -1.000000  0.436682  0.220137 -1.000000   \n",
       "6  0.447809  0.171338  0.353382 -1.000000 -1.000000 -1.000000 -1.000000   \n",
       "7 -1.000000  0.158195  0.338039  0.390279 -1.000000  0.355918  0.377660   \n",
       "8 -1.000000  0.264683  0.157351  0.219818  0.244394 -1.000000 -1.000000   \n",
       "9  0.396339  0.201694 -1.000000 -1.000000 -1.000000 -1.000000  0.362072   \n",
       "\n",
       "          7         8         9  \n",
       "0 -1.000000 -1.000000 -1.000000  \n",
       "1 -1.000000  0.312796 -1.000000  \n",
       "2  0.366389 -1.000000 -1.000000  \n",
       "3 -1.000000 -1.000000  0.369383  \n",
       "4 -1.000000  0.159246 -1.000000  \n",
       "5 -1.000000 -1.000000 -1.000000  \n",
       "6 -1.000000  0.353482  0.499369  \n",
       "7 -1.000000  0.412858 -1.000000  \n",
       "8  0.399934 -1.000000  0.094279  \n",
       "9  0.072529 -1.000000 -1.000000  "
      ]
     },
     "execution_count": 9,
     "metadata": {},
     "output_type": "execute_result"
    }
   ],
   "source": [
    "df = pd.DataFrame(rand_arr) # преобразуем в датафрейм\n",
    "df # выведем таблицу "
   ]
  }
 ],
 "metadata": {
  "kernelspec": {
   "display_name": "Python 3 (ipykernel)",
   "language": "python",
   "name": "python3"
  },
  "language_info": {
   "codemirror_mode": {
    "name": "ipython",
    "version": 3
   },
   "file_extension": ".py",
   "mimetype": "text/x-python",
   "name": "python",
   "nbconvert_exporter": "python",
   "pygments_lexer": "ipython3",
   "version": "3.9.13"
  }
 },
 "nbformat": 4,
 "nbformat_minor": 5
}
